****Starting Evolution: 
 circuits {'cir7': [(0, 6)], 'cir18': [(0, 5)], 'cir20': [(0, 4)], 'cir22': [(0, 7)], 'cir23': [(0, 1)], 'cir26': [(0, 3, 2)], 'cir40': [(0, 7, 5)], 'cir49': [(0, 6)], 'cir53': [(0, 3, 4)], 'cir57': [(0, 6, 4)], 'cir66': [(0, 7, 1)], 'cir72': [(0, 6, 7)], 'cir73': [(0, 1)], 'cir0': [(4,)], 'cir1': [(4, 0, 3)], 'cir2': [(3, 4)], 'cir3': [(5, 0)], 'cir4': [(4, 3, 5)], 'cir5': [(7,)], 'cir6': [(5,)], 'cir8': [(2,)], 'cir9': [(4,)], 'cir10': [(2, 4)], 'cir11': [(4, 3, 7)], 'cir12': [(3, 5, 2)], 'cir13': [(7, 0)], 'cir14': [(3, 2, 5)], 'cir15': [(3, 5, 4)], 'cir16': [(1, 3, 7)], 'cir17': [(3, 1, 6)], 'cir19': [(7, 6, 1)], 'cir21': [(5,)], 'cir24': [(4, 5, 6)], 'cir25': [(6, 5)], 'cir27': [(5, 6, 0)], 'cir28': [(3, 2, 0)], 'cir29': [(4, 7, 1)], 'cir30': [(2, 0, 5)], 'cir31': [(3,)], 'cir32': [(1, 0, 2)], 'cir33': [(1, 7)], 'cir34': [(6, 4, 0)], 'cir35': [(3,)], 'cir36': [(1,)], 'cir37': [(3, 2, 0)], 'cir38': [(4, 3, 0)], 'cir39': [(5, 3)], 'cir41': [(3,)], 'cir42': [(2,)], 'cir43': [(7, 6, 5)], 'cir44': [(7,)], 'cir45': [(1, 7, 3)], 'cir46': [(3, 5, 0)], 'cir47': [(4,)], 'cir48': [(5, 0, 3)], 'cir50': [(3,)], 'cir51': [(7,)], 'cir52': [(4,)], 'cir54': [(1, 7)], 'cir55': [(6, 0)], 'cir56': [(2, 7, 6)], 'cir58': [(0,)], 'cir59': [(6, 5)], 'cir60': [(3,)], 'cir61': [(1,)], 'cir62': [(3, 7, 2)], 'cir63': [(5, 3, 0)], 'cir64': [(4, 1)], 'cir65': [(5, 4, 3)], 'cir67': [(4, 3)], 'cir68': [(4, 5)], 'cir69': [(2, 4, 6)], 'cir70': [(5,)], 'cir71': [(7, 5, 1)], 'cir74': [(0,)], 'cir75': [(4, 3, 7)], 'cir76': [(6,)], 'cir77': [(7, 6, 4)], 'cir78': [(4, 3)], 'cir79': [(5,)]}, 
 fitness [0.0, 0.0, 0.0, 0.0, 0.0, 0.0, 0.0, 0.0, 0.0, 0.0, 0.0, 0.0, 0.0, 5.0, 5.0, 5.0, 5.0, 5.0, 5.0, 5.0, 5.0, 5.0, 5.0, 5.0, 5.0, 5.0, 5.0, 5.0, 5.0, 5.0, 5.0, 5.0, 5.0, 5.0, 5.0, 5.0, 5.0, 5.0, 5.0, 5.0, 5.0, 5.0, 5.0, 5.0, 5.0, 5.0, 5.0, 5.0, 5.0, 5.0, 5.0, 5.0, 5.0, 5.0, 5.0, 5.0, 5.0, 5.0, 5.0, 5.0, 5.0, 5.0, 5.0, 5.0, 5.0, 5.0, 5.0, 5.0, 5.0, 5.0, 5.0, 5.0, 5.0, 5.0, 5.0, 5.0, 5.0, 5.0, 5.0, 5.0] 

**** best transforamtion at the begining: 
+1.0000|00000000>         --> +1.0000|00000000>        
+1.0000|11111111>         --> +1.0000|01111111>        
   ###   On generation 1 of 10000
*** population details: 5 best circuits 
 circuits {'cir7': [(0, 6)], 'cir18': [(0, 5)], 'cir20': [(0, 4)], 'cir22': [(0, 7)], 'cir23': [(0, 1)]}, 
 fitness [0.0, 0.0, 0.0, 0.0, 0.0] 

**** best transforamtion of this generation: 
+1.0000|00000000>         --> +1.0000|00000000>        
+1.0000|11111111>         --> +1.0000|01111111>        
Infidelity :  0.0
****Starting Evolution: 
 circuits {'cir13': [(7, 0), (1, 5, 4)], 'cir16': [(1, 3, 5), (2,)], 'cir21': [(5,), (1, 2, 7)], 'cir33': [(1, 7)], 'cir45': [(1, 7, 3), (3, 0)], 'cir54': [(1, 7)], 'cir1': [(4, 0, 3), (3,)], 'cir2': [(3, 4)], 'cir3': [(5, 0), (0, 6), (0, 1)], 'cir4': [(4, 3, 5), (1,), (7, 4)], 'cir5': [(7,)], 'cir6': [(5,), (4, 3)], 'cir7': [(2, 3)], 'cir8': [(2,)], 'cir9': [(4,)], 'cir10': [(2, 4)], 'cir11': [(4, 3, 7), (6, 7, 3), (4,)], 'cir12': [(3, 5, 2)], 'cir14': [(3, 1, 6)], 'cir19': [(7, 6, 1)], 'cir22': [(1, 0)], 'cir24': [(4, 5, 6)], 'cir25': [(6, 5), (3,)], 'cir27': [(5, 6, 0)], 'cir28': [(3, 2, 0)], 'cir29': [(4, 7, 1)], 'cir30': [(2, 0, 5)], 'cir31': [(3,)], 'cir32': [(1, 0, 2)], 'cir34': [(6, 4, 0)], 'cir35': [(3,)], 'cir36': [(1,)], 'cir37': [(3, 2, 0)], 'cir38': [(4, 3, 0)], 'cir40': [(7, 1, 5)], 'cir41': [(3,)], 'cir42': [(2,)], 'cir43': [(7, 6, 5)], 'cir44': [(7,)], 'cir46': [(3, 5, 0)], 'cir47': [(4,)], 'cir48': [(5, 0, 3)], 'cir49': [(0, 6), (0, 2, 1)], 'cir51': [(7,)], 'cir52': [(4,)], 'cir53': [(0, 3, 4), (0, 4), (7, 2, 5)], 'cir55': [(6, 0)], 'cir56': [(2, 7, 6)], 'cir59': [(6, 5)], 'cir60': [(3,)], 'cir61': [(1,)], 'cir62': [(3, 7, 2)], 'cir63': [(5, 3, 0)], 'cir64': [(2, 3)], 'cir65': [(5, 4, 3), (6, 4, 0)], 'cir66': [(6, 7, 4)], 'cir67': [(4, 3)], 'cir68': [(4, 5)], 'cir69': [(2, 4, 6)], 'cir70': [(5,)], 'cir71': [(7, 5, 1)], 'cir75': [(4, 3, 7)], 'cir76': [(6,)], 'cir77': [(7, 6, 4)], 'cir78': [(4, 3)], 'cir79': [(5,)], 'cir18': [(0, 5), (2, 1, 5)], 'cir20': [(0, 4), (5, 7)], 'cir23': [(0, 1), (3, 4, 5)], 'cir39': [(5, 3), (0, 7)], 'cir57': [(0, 6, 4), (6,)], 'cir72': [(0, 6, 7), (4,)], 'cir17': [(3, 1, 6), (1,), (1, 7)], 'cir50': [(3,), (0, 3)], 'cir73': [(1, 5), (4, 0, 5), (1,)], 'cir0': [(2,), (0,)], 'cir15': [(3, 5, 4), (4, 6), (0,)], 'cir26': [(0, 3, 2), (0,), (0, 2, 3)], 'cir58': [(0,)], 'cir74': [(0,)]}, 
 fitness [0.0, 0.0, 0.0, 0.0, 0.0, 0.0, 9.0, 9.0, 9.0, 9.0, 9.0, 9.0, 9.0, 9.0, 9.0, 9.0, 9.0, 9.0, 9.0, 9.0, 9.0, 9.0, 9.0, 9.0, 9.0, 9.0, 9.0, 9.0, 9.0, 9.0, 9.0, 9.0, 9.0, 9.0, 9.0, 9.0, 9.0, 9.0, 9.0, 9.0, 9.0, 9.0, 9.0, 9.0, 9.0, 9.0, 9.0, 9.0, 9.0, 9.0, 9.0, 9.0, 9.0, 9.0, 9.0, 9.0, 9.0, 9.0, 9.0, 9.0, 9.0, 9.0, 9.0, 9.0, 9.0, 9.0, 13.0, 13.0, 13.0, 13.0, 13.0, 13.0, 18.0, 18.0, 18.0, 22.0, 22.0, 22.0, 22.0, 22.0] 

**** best transforamtion at the begining: 
+1.0000|00000000>         --> +1.0000|00000000>        
+1.0000|01111111>         --> +1.0000|00111111>        
   ###   On generation 1 of 10000
*** population details: 5 best circuits 
 circuits {'cir13': [(7, 0), (1, 5, 4)], 'cir16': [(1, 3, 5), (2,)], 'cir21': [(5,), (1, 2, 7)], 'cir33': [(1, 7)], 'cir45': [(1, 7, 3), (3, 0)]}, 
 fitness [0.0, 0.0, 0.0, 0.0, 0.0] 

**** best transforamtion of this generation: 
+1.0000|00000000>         --> +1.0000|00000000>        
+1.0000|01111111>         --> +1.0000|00111111>        
Infidelity :  0.0
****Starting Evolution: 
 circuits {'cir7': [(2, 3), (4, 5, 3)], 'cir10': [(2, 4)], 'cir64': [(2, 3)], 'cir69': [(2, 4, 6)], 'cir3': [(5, 0), (0, 6), (0, 1), (0, 6)], 'cir5': [(7,)], 'cir6': [(5,), (4, 3), (4,)], 'cir8': [(2,), (3,)], 'cir9': [(4,), (7, 6)], 'cir11': [(4, 3, 7), (6, 7, 3), (4,), (7, 2, 4)], 'cir12': [(3, 5, 2), (5, 4)], 'cir14': [(3, 1, 6)], 'cir16': [(1, 3, 5), (5,), (2, 1)], 'cir21': [(5,), (1, 2, 7), (1, 6, 7)], 'cir22': [(1, 0)], 'cir23': [(0, 1), (3, 4, 5)], 'cir24': [(4, 5, 6)], 'cir25': [(6, 5), (3,)], 'cir27': [(5, 6, 0), (7, 1, 2), (6, 3)], 'cir28': [(3, 2, 0), (3, 1, 7)], 'cir29': [(4, 7, 1), (5, 3)], 'cir30': [(2, 0, 5)], 'cir31': [(3,)], 'cir32': [(4, 2, 6)], 'cir34': [(6, 4, 0)], 'cir35': [(2,)], 'cir37': [(3, 2, 0), (7, 3, 6)], 'cir38': [(4, 3, 0)], 'cir40': [(7, 1, 5)], 'cir41': [(3,), (7, 5, 4)], 'cir42': [(2,)], 'cir43': [(7, 6, 5), (3,)], 'cir44': [(7,)], 'cir45': [(1, 7, 3), (3, 0), (1, 2)], 'cir46': [(3, 5, 0)], 'cir47': [(4,)], 'cir48': [(5, 0, 3), (1, 3), (6, 7), (1, 4)], 'cir51': [(7,), (6,)], 'cir52': [(4,)], 'cir53': [(0, 3, 4), (0, 4), (7, 2, 5)], 'cir55': [(6, 0)], 'cir56': [(2, 7, 6), (1, 4, 5), (3,), (6,)], 'cir59': [(6, 5)], 'cir60': [(3,)], 'cir62': [(3, 7, 2)], 'cir65': [(5, 4, 3), (6, 4, 0)], 'cir66': [(6, 7, 4), (5, 1)], 'cir67': [(4, 3)], 'cir68': [(4, 5)], 'cir70': [(5,)], 'cir71': [(7, 5, 1)], 'cir75': [(4, 3, 7)], 'cir76': [(6,)], 'cir77': [(7, 6, 4)], 'cir78': [(4, 3)], 'cir79': [(5,)], 'cir1': [(4, 0, 3), (3,), (1, 2)], 'cir13': [(7, 0), (1, 5, 4)], 'cir18': [(0, 5), (2, 1, 5)], 'cir19': [(7, 6, 1), (1, 3, 4)], 'cir20': [(0, 4), (5, 7)], 'cir33': [(1, 7), (3, 5)], 'cir39': [(5, 3), (0, 7)], 'cir49': [(0, 6), (0, 2, 1)], 'cir54': [(1, 7)], 'cir57': [(0, 6, 4), (6,)], 'cir72': [(0, 6, 7), (4,)], 'cir17': [(3, 1, 6), (1,), (1, 7)], 'cir36': [(1,), (3, 2), (1, 7, 6)], 'cir50': [(3,), (0, 3)], 'cir61': [(1,), (6,), (6,), (1, 3, 5)], 'cir73': [(1, 5), (4, 0, 5), (1,)], 'cir0': [(2,), (0,)], 'cir2': [(2,), (1,)], 'cir4': [(4, 3, 5), (1,), (7, 4)], 'cir15': [(3, 5, 4), (4, 6), (0,)], 'cir26': [(0, 3, 2), (0,), (0, 2, 3)], 'cir58': [(0,)], 'cir63': [(1,)], 'cir74': [(0,)]}, 
 fitness [0.0, 0.0, 0.0, 0.0, 13.0, 13.0, 13.0, 13.0, 13.0, 13.0, 13.0, 13.0, 13.0, 13.0, 13.0, 13.0, 13.0, 13.0, 13.0, 13.0, 13.0, 13.0, 13.0, 13.0, 13.0, 13.0, 13.0, 13.0, 13.0, 13.0, 13.0, 13.0, 13.0, 13.0, 13.0, 13.0, 13.0, 13.0, 13.0, 13.0, 13.0, 13.0, 13.0, 13.0, 13.0, 13.0, 13.0, 13.0, 13.0, 13.0, 13.0, 13.0, 13.0, 13.0, 13.0, 13.0, 21.0, 21.0, 21.0, 21.0, 21.0, 21.0, 21.0, 21.0, 21.0, 21.0, 21.0, 26.0, 26.0, 26.0, 26.0, 26.0, 34.0, 34.0, 34.0, 34.0, 34.0, 34.0, 34.0, 34.0] 

**** best transforamtion at the begining: 
+1.0000|00000000>         --> +1.0000|00000000>        
+1.0000|00111111>         --> +1.0000|00010111>        
   ###   On generation 1 of 10000
*** population details: 5 best circuits 
 circuits {'cir7': [(2, 3), (4, 5, 3)], 'cir10': [(2, 4)], 'cir64': [(2, 3)], 'cir69': [(2, 4, 6)], 'cir55': [(2, 3), (7,)]}, 
 fitness [0.0, 0.0, 0.0, 0.0, 0.0] 

**** best transforamtion of this generation: 
+1.0000|00000000>         --> +1.0000|00000000>        
+1.0000|00111111>         --> +1.0000|00010111>        
Infidelity :  0.0
****Starting Evolution: 
 circuits {'cir32': [(4, 2, 6), (3, 6)], 'cir37': [(3, 2, 0), (7, 3, 6), (7,), (3, 6)], 'cir1': [(4, 0, 3), (3,), (1, 2)], 'cir3': [(5, 0), (0, 6), (0, 1), (0, 6)], 'cir5': [(7,), (6,), (7, 2), (7, 2)], 'cir6': [(5,), (4,), (4,)], 'cir7': [(2, 3), (4, 5, 3), (3, 7), (5, 3, 4), (2, 3)], 'cir8': [(2,), (3,), (2,)], 'cir9': [(7, 6)], 'cir10': [(2, 4)], 'cir11': [(4, 3, 7), (6, 7, 3), (4,), (7, 2, 4), (5, 2), (7, 6), (4, 3, 7), (3, 2)], 'cir12': [(3, 5, 2), (5, 4)], 'cir13': [(7, 0), (1, 5, 4)], 'cir14': [(3, 1, 6), (6,)], 'cir19': [(7, 6, 1), (1, 3, 4)], 'cir20': [(0, 4), (5, 7)], 'cir22': [(1, 0)], 'cir23': [(0, 1), (3, 4, 5), (6, 2, 3)], 'cir24': [(4, 5, 6)], 'cir25': [(6, 5), (3,), (5,), (3,)], 'cir27': [(5, 6, 0), (7, 1, 2), (6, 3)], 'cir29': [(4, 7, 1), (5, 3)], 'cir30': [(2, 0, 5)], 'cir31': [(3,), (5, 2)], 'cir33': [(1, 7), (3, 5)], 'cir34': [(6, 4, 0)], 'cir38': [(6, 3, 7), (5,), (7, 2)], 'cir40': [(7, 1, 5)], 'cir41': [(3,), (7, 5, 4)], 'cir43': [(7, 6, 5), (3,)], 'cir44': [(7,), (6, 4), (7,)], 'cir45': [(1, 7, 3), (3, 0), (1, 2), (3, 2), (1, 7, 3), (6, 4, 7)], 'cir46': [(3, 5, 0)], 'cir47': [(4,)], 'cir51': [(7,), (6,)], 'cir52': [(4,), (6, 3), (7, 3, 2)], 'cir53': [(0, 3, 4), (0, 4), (7, 2, 5)], 'cir55': [(6, 0)], 'cir57': [(0, 6, 4), (6,)], 'cir59': [(6, 5)], 'cir60': [(3,)], 'cir62': [(3, 7, 2)], 'cir65': [(5, 4, 3), (6, 4, 0)], 'cir66': [(6, 7, 4), (5, 1)], 'cir67': [(4, 3)], 'cir68': [(4, 5)], 'cir69': [(2, 4, 6), (4, 5, 6)], 'cir70': [(5,)], 'cir71': [(7, 5, 1)], 'cir75': [(4, 3, 7)], 'cir76': [(6,)], 'cir77': [(7, 6, 4)], 'cir78': [(4, 3)], 'cir79': [(5,)], 'cir18': [(0, 5), (2, 1, 5)], 'cir21': [(5,), (1, 2, 7), (1, 6, 7), (7, 2, 3)], 'cir28': [(3, 2, 0), (3, 1, 7), (2, 7), (6, 7), (4,)], 'cir36': [(3, 2), (1, 7, 6)], 'cir39': [(5, 3), (0, 7)], 'cir48': [(5, 0, 3), (1, 3), (6, 7), (1, 4)], 'cir49': [(0, 6), (0, 2, 1), (4,)], 'cir50': [(3,), (0, 3)], 'cir54': [(1, 7)], 'cir64': [(2, 3), (7,), (6,)], 'cir72': [(0, 6, 7), (4,)], 'cir17': [(3, 1, 6), (1,), (1, 7)], 'cir42': [(2,), (3, 7, 6), (5, 3)], 'cir56': [(2, 7, 6), (1, 4, 5), (3,), (6,), (5, 7, 2), (6,)], 'cir61': [(1,), (6,), (6,), (1, 3, 5), (7, 6), (7,)], 'cir73': [(1, 5), (4, 0, 5), (1,)], 'cir16': [(1, 3, 5), (5,), (2, 1), (3, 5, 4)], 'cir4': [(4, 3, 5), (1,), (7, 4)], 'cir15': [(3, 5, 4), (4, 6), (0,)], 'cir26': [(0, 3, 2), (0,), (0, 2, 3)], 'cir35': [(2,)], 'cir58': [(0,)], 'cir63': [(1,)], 'cir74': [(0,)], 'cir0': [(2,), (0,)], 'cir2': [(2,), (1,)]}, 
 fitness [0.0, 0.0, 17.0, 17.0, 17.0, 17.0, 17.0, 17.0, 17.0, 17.0, 17.0, 17.0, 17.0, 17.0, 17.0, 17.0, 17.0, 17.0, 17.0, 17.0, 17.0, 17.0, 17.0, 17.0, 17.0, 17.0, 17.0, 17.0, 17.0, 17.0, 17.0, 17.0, 17.0, 17.0, 17.0, 17.0, 17.0, 17.0, 17.0, 17.0, 17.0, 17.0, 17.0, 17.0, 17.0, 17.0, 17.0, 17.0, 17.0, 17.0, 17.0, 17.0, 17.0, 17.0, 29.0, 29.0, 29.0, 29.0, 29.0, 29.0, 29.0, 29.0, 29.0, 29.0, 29.0, 34.0, 34.0, 34.0, 34.0, 34.0, 37.0, 46.0, 46.0, 46.0, 46.0, 46.0, 46.0, 46.0, 66.0, 66.0] 

**** best transforamtion at the begining: 
+1.0000|00000000>         --> +1.0000|00000000>        
+1.0000|00010111>         --> +1.0000|00000111>        
   ###   On generation 1 of 10000
*** population details: 5 best circuits 
 circuits {'cir32': [(4, 2, 6), (3, 6)], 'cir37': [(3, 2, 0), (7, 3, 6), (7,), (3, 6)], 'cir66': [(4, 2, 6), (3, 6), (5, 7, 4)], 'cir69': [(6, 4, 0), (3, 7)], 'cir17': [(4, 5, 3), (3, 7), (5, 3, 4), (2, 3), (5, 4, 7)]}, 
 fitness [0.0, 0.0, 0.0, 0.0, 0.0] 

**** best transforamtion of this generation: 
+1.0000|00000000>         --> +1.0000|00000000>        
+1.0000|00010111>         --> +1.0000|00000111>        
Infidelity :  0.0
****Starting Evolution: 
 circuits {'cir3': [(5, 0), (0, 6), (0, 1), (0, 6)], 'cir5': [(7,), (6,), (7, 2), (7, 2), (7, 2)], 'cir7': [(2, 3), (4, 5, 3), (3, 4), (5, 3, 4), (2, 3), (5, 4, 7), (6, 7), (4, 6, 3)], 'cir9': [(7, 6)], 'cir12': [(3, 5, 2), (5, 4)], 'cir13': [(7, 0), (1, 5, 4), (4, 3, 5), (6, 5, 3)], 'cir14': [(6,), (5, 3, 7)], 'cir16': [(1, 3, 5), (5,), (2, 1), (3, 5, 4)], 'cir19': [(7, 6, 1), (1, 3, 4)], 'cir20': [(0, 4), (5, 7), (5, 3), (3, 5, 6)], 'cir22': [(1, 0)], 'cir23': [(0, 1), (3, 4, 5), (6, 2, 3)], 'cir25': [(6, 5), (3,), (5,), (3,), (7, 4)], 'cir27': [(5, 6, 0), (7, 1, 2), (6, 3)], 'cir29': [(4, 7, 1), (5, 3)], 'cir37': [(3, 2, 0), (7, 3, 6), (7,), (3, 6), (3, 5)], 'cir38': [(6, 3, 4), (5,), (7, 2), (6,), (6, 3)], 'cir40': [(7, 1, 5)], 'cir44': [(7,), (6, 4), (7,)], 'cir45': [(1, 7, 3), (3, 0), (1, 2), (3, 2), (1, 7, 3), (6, 4, 7)], 'cir46': [(3, 5, 0), (5, 3)], 'cir48': [(5, 0, 3), (1, 3), (6, 7), (1, 4)], 'cir51': [(7,), (6,), (6,), (7,)], 'cir53': [(0, 3, 4), (0, 4), (7, 2, 5)], 'cir55': [(6, 0)], 'cir57': [(0, 6, 4), (6,), (6, 7), (3, 5, 4)], 'cir62': [(3, 7, 2)], 'cir64': [(2, 3), (7,), (6,)], 'cir65': [(5, 4, 3), (6, 4, 0), (6, 4, 0)], 'cir66': [(6, 7, 4), (5, 1)], 'cir67': [(4, 3)], 'cir68': [(5, 3), (6,), (5, 6, 3)], 'cir70': [(5,)], 'cir71': [(7, 5, 1)], 'cir75': [(4, 3, 7)], 'cir76': [(6,), (6, 4, 3)], 'cir77': [(7, 6, 4)], 'cir78': [(4, 3)], 'cir79': [(5,)], 'cir17': [(3, 1, 6), (1,), (1, 7)], 'cir18': [(0, 5), (2, 1, 5)], 'cir21': [(5,), (1, 2, 7), (1, 6, 7), (7, 2, 3)], 'cir24': [(4, 5, 6)], 'cir32': [(4, 2, 6), (3, 6), (5, 7, 4)], 'cir33': [(1, 7), (3, 5), (3, 5), (6,)], 'cir34': [(6, 4, 0), (3, 7), (7, 5), (7,), (7, 5, 4)], 'cir36': [(3, 2), (1, 7, 6)], 'cir39': [(5, 3), (0, 7)], 'cir54': [(1, 7)], 'cir69': [(2, 4, 6), (4, 5, 6)], 'cir73': [(1, 5), (4, 0, 5), (1,)], 'cir1': [(4, 0, 3), (3,), (1, 2)], 'cir4': [(4, 3, 5), (1,), (7, 4)], 'cir6': [(5,), (5,), (4,)], 'cir10': [(2, 4), (4,)], 'cir11': [(4, 3, 7), (6, 7, 3), (4,), (7, 2, 4), (5, 2), (7, 6), (4, 3, 7), (3, 2)], 'cir26': [(0, 3, 2), (0,), (0, 2, 3)], 'cir30': [(2, 0, 5), (4,)], 'cir31': [(3,), (5, 2), (7, 3, 5), (7, 6, 3)], 'cir35': [(2,)], 'cir41': [(3,), (7, 5, 4)], 'cir43': [(7, 6, 5), (3,), (7,), (6, 4), (6,)], 'cir47': [(4,), (7,), (5, 3, 6)], 'cir52': [(4,), (6, 3), (7, 3, 2)], 'cir58': [(0,)], 'cir59': [(4, 3), (3,), (7, 6, 5)], 'cir60': [(3,)], 'cir61': [(1,), (6,), (6,), (1, 3, 5), (7, 6), (7,)], 'cir63': [(1,)], 'cir74': [(0,)], 'cir15': [(3, 5, 4), (4, 6), (0,)], 'cir28': [(3, 2, 0), (3, 1, 7), (2, 7), (6, 7), (4,)], 'cir42': [(2,), (3, 7, 6), (5, 3)], 'cir49': [(0, 6), (0, 2, 1), (4,)], 'cir56': [(2, 7, 6), (1, 4, 5), (3,), (6,), (5, 7, 2), (6,)], 'cir72': [(0, 6, 7), (4,)], 'cir0': [(2,), (0,)], 'cir2': [(2,), (1,)], 'cir8': [(4,), (3,), (2,), (4,)], 'cir50': [(3,), (0, 3)]}, 
 fitness [0.0, 0.0, 0.0, 0.0, 0.0, 0.0, 0.0, 0.0, 0.0, 0.0, 0.0, 0.0, 0.0, 0.0, 0.0, 0.0, 0.0, 0.0, 0.0, 0.0, 0.0, 0.0, 0.0, 0.0, 0.0, 0.0, 0.0, 0.0, 0.0, 0.0, 0.0, 0.0, 0.0, 0.0, 0.0, 0.0, 0.0, 0.0, 0.0, 21.0, 21.0, 21.0, 21.0, 21.0, 21.0, 21.0, 21.0, 21.0, 21.0, 21.0, 21.0, 42.0, 42.0, 42.0, 42.0, 42.0, 42.0, 42.0, 42.0, 42.0, 42.0, 42.0, 42.0, 42.0, 42.0, 42.0, 42.0, 42.0, 42.0, 42.0, 58.0, 58.0, 58.0, 58.0, 58.0, 58.0, 74.0, 74.0, 74.0, 74.0] 

**** best transforamtion at the begining: 
+1.0000|00000000>         --> +1.0000|00000000>        
+1.0000|00000111>         --> +1.0000|00000111>        
   ###   On generation 1 of 10000
*** population details: 5 best circuits 
 circuits {'cir3': [(5, 0), (0, 6), (0, 1), (0, 6)], 'cir5': [(7,), (6,), (7, 2), (7, 2), (7, 2)], 'cir7': [(2, 3), (4, 5, 3), (3, 4), (5, 3, 4), (2, 3), (5, 4, 7), (6, 7), (4, 6, 3)], 'cir9': [(7, 6)], 'cir12': [(3, 5, 2), (5, 4)]}, 
 fitness [0.0, 0.0, 0.0, 0.0, 0.0] 

**** best transforamtion of this generation: 
+1.0000|00000000>         --> +1.0000|00000000>        
+1.0000|00000111>         --> +1.0000|00000111>        
Infidelity :  0.0
****Starting Evolution: 
 circuits {'cir20': [(0, 4), (5, 7), (5, 3), (3, 5, 6), (7, 6, 5)], 'cir67': [(5, 7), (6, 7)], 'cir3': [(5, 0), (0, 6), (0, 1), (0, 6), (7, 5)], 'cir7': [(2, 3), (4, 5, 3), (3, 4), (4, 6, 5), (2, 3), (5, 4, 7), (6, 7), (4, 6, 3)], 'cir10': [(2, 4), (5,)], 'cir12': [(3, 5, 2), (5, 4)], 'cir13': [(7, 0), (1, 5, 4), (4, 3, 5), (6, 5, 3), (7, 0), (7, 4)], 'cir14': [(6,), (5, 3, 7), (5, 6), (5, 7)], 'cir16': [(1, 3, 5), (5,), (2, 1), (3, 5, 4)], 'cir19': [(7, 6, 1), (1, 3, 4), (6,), (1, 3, 4)], 'cir22': [(1, 0)], 'cir23': [(0, 1), (3, 4, 5), (6, 2, 3), (7,)], 'cir27': [(5, 6, 0), (7, 1, 2), (6, 3)], 'cir34': [(6, 4, 0), (3, 7), (7, 5), (7,), (7, 5, 4), (5, 7, 6), (7,)], 'cir38': [(7, 5, 4), (5,), (7, 2), (6,), (6, 3), (5, 4, 6)], 'cir44': [(7,), (6, 4), (7,), (4, 7), (4, 5)], 'cir45': [(1, 7, 3), (3, 0), (1, 2), (1, 7, 3), (6, 4, 7)], 'cir46': [(3, 5, 0), (5, 3)], 'cir48': [(5, 0, 3), (1, 3), (6, 7), (1, 4), (7, 5, 4), (7,)], 'cir51': [(7,), (6,), (6,), (7,)], 'cir53': [(0, 3, 4), (0, 4), (7, 2, 5), (5, 4), (6, 7, 4)], 'cir55': [(6, 0), (6,), (5, 7, 4)], 'cir57': [(0, 6, 4), (6,), (6, 7), (3, 5, 4)], 'cir62': [(3, 7, 2)], 'cir64': [(2, 3), (7,), (6,), (6,)], 'cir65': [(5, 4, 3), (6, 4, 0), (6, 4, 0)], 'cir66': [(6, 7, 4), (5, 1)], 'cir68': [(5, 3), (6,), (5, 6, 3)], 'cir70': [(5,), (7, 6)], 'cir71': [(7, 5, 1)], 'cir75': [(4, 3, 7), (7,), (7,), (6,)], 'cir76': [(6,), (6, 4, 3), (5,)], 'cir77': [(7, 6, 4)], 'cir78': [(4, 3), (5, 4, 6)], 'cir79': [(5,), (7, 4, 5), (7, 6), (7,)], 'cir9': [(7, 6), (4, 5, 6)], 'cir18': [(0, 5), (2, 1, 5)], 'cir24': [(4, 5, 6)], 'cir29': [(4, 7, 1), (5, 3), (4, 6)], 'cir32': [(4, 2, 6), (3, 6), (5, 7, 4)], 'cir33': [(1, 7), (3, 5), (3, 5), (6,)], 'cir36': [(3, 2), (1, 7, 6), (4, 5), (5, 7)], 'cir37': [(3, 2, 0), (7, 3, 6), (7,), (3, 6), (3, 5), (4, 5, 6), (4, 5, 7)], 'cir39': [(5, 3), (0, 7)], 'cir54': [(1, 7)], 'cir69': [(2, 4, 6), (4, 5, 6)], 'cir5': [(7,), (6,), (7, 2), (4, 6), (7, 2), (7, 2), (4, 7, 5)], 'cir17': [(3, 1, 6), (1,), (1, 7), (5, 4, 7), (6, 7, 4)], 'cir21': [(5,), (1, 2, 7), (1, 6, 7), (7, 2, 3), (6,), (5, 4, 7)], 'cir40': [(7, 1, 5), (5, 7), (4,)], 'cir73': [(1, 5), (4, 0, 5), (1,)], 'cir1': [(4, 0, 3), (3,), (1, 2)], 'cir4': [(4, 3, 5), (1,), (7, 4)], 'cir6': [(5,), (5,), (4,)], 'cir11': [(4, 3, 7), (6, 7, 3), (4,), (7, 2, 4), (5, 2), (7, 6), (4, 3, 7), (3, 2)], 'cir25': [(6, 5), (3,), (5,), (7,), (7, 4)], 'cir26': [(0, 3, 2), (0,), (0, 2, 3)], 'cir30': [(2, 0, 5), (4,)], 'cir31': [(3,), (5, 2), (7, 3, 5), (7, 6, 3)], 'cir35': [(2,)], 'cir41': [(3,), (7, 5, 4)], 'cir42': [(2,), (3, 7, 6), (5, 3)], 'cir43': [(7, 6, 5), (3,), (7,), (6, 4), (6,)], 'cir47': [(4,), (7,), (5, 3, 6)], 'cir52': [(4,), (6, 3), (7, 3, 2)], 'cir56': [(2, 7, 6), (1, 4, 5), (3,), (6,), (5, 7, 2), (6,)], 'cir58': [(0,)], 'cir59': [(4, 3), (3,), (7, 6, 5)], 'cir60': [(3,)], 'cir61': [(1,), (6,), (6,), (1, 3, 5), (7, 6), (7,)], 'cir63': [(1,)], 'cir74': [(0,)], 'cir15': [(3, 5, 4), (4, 6), (0,)], 'cir28': [(3, 2, 0), (3, 1, 7), (2, 7), (6, 7), (4,)], 'cir49': [(0, 6), (0, 2, 1), (4,)], 'cir72': [(0, 6, 7), (4,)], 'cir0': [(2,), (0,)], 'cir2': [(2,), (1,)], 'cir8': [(4,), (3,), (2,), (4,)], 'cir50': [(3,), (0, 3)]}, 
 fitness [0.0, 0.0, 25.0, 25.0, 25.0, 25.0, 25.0, 25.0, 25.0, 25.0, 25.0, 25.0, 25.0, 25.0, 25.0, 25.0, 25.0, 25.0, 25.0, 25.0, 25.0, 25.0, 25.0, 25.0, 25.0, 25.0, 25.0, 25.0, 25.0, 25.0, 25.0, 25.0, 25.0, 25.0, 25.0, 45.0, 45.0, 45.0, 45.0, 45.0, 45.0, 45.0, 45.0, 45.0, 45.0, 45.0, 50.0, 50.0, 50.0, 50.0, 50.0, 70.0, 70.0, 70.0, 70.0, 70.0, 70.0, 70.0, 70.0, 70.0, 70.0, 70.0, 70.0, 70.0, 70.0, 70.0, 70.0, 70.0, 70.0, 70.0, 70.0, 70.0, 86.0, 86.0, 86.0, 86.0, 106.0, 106.0, 106.0, 106.0] 

**** best transforamtion at the begining: 
+1.0000|00000000>         --> +1.0000|00000000>        
+1.0000|00000111>         --> +1.0000|00000011>        
   ###   On generation 1 of 10000
*** population details: 5 best circuits 
 circuits {'cir20': [(0, 4), (5, 7), (5, 3), (3, 5, 6), (7, 6, 5)], 'cir67': [(5, 7), (6, 7)], 'cir69': [(5, 7), (6, 7), (7, 5)], 'cir1': [(3, 5, 0), (5, 3), (5, 6)], 'cir6': [(6, 4, 0), (5, 4, 3), (5, 6)]}, 
 fitness [0.0, 0.0, 0.0, 0.0, 0.0] 

**** best transforamtion of this generation: 
+1.0000|00000000>         --> +1.0000|00000000>        
+1.0000|00000111>         --> +1.0000|00000011>        
Infidelity :  0.0
****Starting Evolution: 
 circuits {'cir7': [(2, 3), (4, 5, 3), (3, 4), (4, 6, 5), (2, 3), (5, 4, 7), (6, 7), (4, 6, 3), (7, 5)], 'cir16': [(1, 3, 5), (5,), (2, 1), (3, 5, 4), (6, 7), (5,)], 'cir3': [(5, 0), (0, 6), (0, 1), (0, 6), (7, 5)], 'cir4': [(4, 3, 5), (6,), (7, 4)], 'cir9': [(7, 6), (7,)], 'cir10': [(2, 4), (5,), (5,), (7, 5, 6)], 'cir12': [(3, 5, 2), (5, 4)], 'cir18': [(0, 5), (2, 1, 5)], 'cir19': [(7, 6, 1), (1, 3, 4), (6,), (1, 3, 4), (7, 6), (6,)], 'cir22': [(1, 0)], 'cir23': [(0, 1), (3, 4, 5), (6, 2, 3), (7,), (7,), (7,)], 'cir24': [(7, 6, 5)], 'cir27': [(5, 6, 0), (7, 1, 2), (6, 3), (6,)], 'cir29': [(4, 7, 1), (5, 3), (7, 5), (6, 7), (6, 7), (6,)], 'cir45': [(1, 7, 3), (3, 0), (1, 2), (1, 7, 3), (6, 4, 7), (6, 5, 7)], 'cir46': [(3, 5, 0), (5, 3), (5, 6), (5, 7)], 'cir51': [(7,), (6,), (6,), (7,), (6,), (7,), (7, 5, 6), (7,), (7, 6, 5)], 'cir53': [(0, 3, 4), (7, 2, 5), (5, 4), (6, 7, 4)], 'cir55': [(6, 0), (6,), (5, 7, 4)], 'cir62': [(3, 7, 2), (7, 6), (6, 5)], 'cir64': [(2, 3), (7,), (6,), (6,), (6, 5, 7), (6, 7, 5), (5, 7, 6), (6, 5, 7), (6,)], 'cir67': [(5, 7), (6, 7), (7, 5), (7,), (7,)], 'cir68': [(5, 3), (6,), (5, 6, 3), (6,), (7, 6, 5)], 'cir69': [(2, 4, 6), (4, 5, 6)], 'cir71': [(7, 5, 1), (7,)], 'cir75': [(4, 3, 7), (7,), (7,), (6,), (7, 6)], 'cir77': [(7, 6, 4)], 'cir78': [(4, 3), (5, 4, 6)], 'cir5': [(7,), (6,), (7, 2), (4, 6), (7, 2), (7, 2), (4, 7, 5)], 'cir20': [(0, 4), (5, 7), (5, 3), (3, 5, 6), (7, 6, 5), (6, 5)], 'cir32': [(4, 2, 6), (3, 6), (5, 7, 4)], 'cir34': [(6, 4, 0), (3, 7), (7, 5), (7,), (7, 5, 4), (5, 7, 6), (7,), (7, 6)], 'cir37': [(3, 2, 0), (7, 3, 6), (7,), (3, 6), (3, 5), (4, 5, 6), (4, 5, 7)], 'cir39': [(5, 3), (0, 7)], 'cir44': [(7,), (6, 4), (7,), (4, 7), (4, 5)], 'cir54': [(1, 7)], 'cir65': [(5, 4, 3), (6, 4, 0), (6, 4, 0), (5, 4, 3), (5, 6)], 'cir66': [(6, 7, 4), (5, 1), (5, 7, 6)], 'cir70': [(5,), (7, 6), (7,), (5, 6), (7, 5, 6), (7, 5, 6), (5,)], 'cir14': [(6,), (5, 3, 7), (5, 6), (5, 7), (5, 6)], 'cir17': [(3, 1, 6), (1,), (1, 7), (5, 4, 7), (6, 7, 4)], 'cir33': [(1, 7), (3, 5), (3, 5), (6,)], 'cir48': [(5, 0, 3), (1, 3), (6, 7), (1, 4), (7, 5, 4), (7,), (6,)], 'cir36': [(3, 2), (1, 7, 6), (4, 5), (5, 7)], 'cir1': [(4, 0, 3), (3,), (1, 2)], 'cir6': [(5,), (5,), (4,)], 'cir11': [(6, 5, 7), (6, 7, 3), (4,), (7, 2, 4), (5, 2), (7, 6), (4, 3, 7), (3, 2), (6, 5, 7), (7, 6)], 'cir13': [(7, 0), (1, 5, 4), (4, 3, 5), (6, 5, 3), (7, 0), (7,), (6, 7, 5), (5,)], 'cir26': [(0, 3, 2), (0,), (0, 2, 3)], 'cir28': [(3, 2, 0), (3, 1, 7), (2, 7), (6, 7), (4,)], 'cir30': [(2, 0, 5), (4,)], 'cir31': [(3,), (5, 2), (7, 3, 5), (7, 6, 3)], 'cir35': [(2,)], 'cir38': [(7, 5, 4), (5,), (7, 2), (6,), (6, 3), (5, 4, 6)], 'cir41': [(3,), (7, 5, 4)], 'cir43': [(7, 6, 5), (3,), (7,), (6, 4), (6,)], 'cir47': [(4,), (7,), (5, 3, 6)], 'cir52': [(4,), (6, 3), (7, 3, 2)], 'cir57': [(0, 6, 4), (6,), (6, 7), (3, 5, 4), (5, 7), (5,)], 'cir58': [(0,)], 'cir59': [(4, 3), (3,), (7, 6, 5)], 'cir60': [(3,)], 'cir61': [(1,), (6,), (6,), (1, 3, 5), (7, 6), (7,), (6, 5)], 'cir63': [(1,)], 'cir73': [(1, 5), (4, 0, 5), (1,)], 'cir74': [(0,)], 'cir76': [(6,), (6, 4, 3), (5,)], 'cir79': [(5,), (7, 4, 5), (7, 6), (7,)], 'cir15': [(3, 5, 4), (4, 6), (0,)], 'cir40': [(7, 1, 5), (5, 7), (4,)], 'cir49': [(0, 6), (0, 2, 1), (4,)], 'cir72': [(0, 6, 7), (4,)], 'cir21': [(5,), (1, 2, 7), (1, 6, 7), (7, 2, 3), (6,), (5, 4, 7)], 'cir42': [(2,), (3, 7, 6), (5, 3)], 'cir56': [(2, 7, 6), (1, 4, 5), (3,), (6,), (5, 7, 2), (6,)], 'cir0': [(2,), (0,)], 'cir2': [(2,), (1,)], 'cir8': [(4,), (3,), (2,), (4,)], 'cir25': [(6, 5), (3,), (5,), (7,), (7, 4)], 'cir50': [(3,), (0, 3)]}, 
 fitness [0.0, 0.0, 29.0, 29.0, 29.0, 29.0, 29.0, 29.0, 29.0, 29.0, 29.0, 29.0, 29.0, 29.0, 29.0, 29.0, 29.0, 29.0, 29.0, 29.0, 29.0, 29.0, 29.0, 29.0, 29.0, 29.0, 29.0, 29.0, 53.0, 53.0, 53.0, 53.0, 53.0, 53.0, 53.0, 53.0, 53.0, 53.0, 53.0, 58.0, 58.0, 58.0, 58.0, 73.0, 82.0, 82.0, 82.0, 82.0, 82.0, 82.0, 82.0, 82.0, 82.0, 82.0, 82.0, 82.0, 82.0, 82.0, 82.0, 82.0, 82.0, 82.0, 82.0, 82.0, 82.0, 82.0, 82.0, 82.0, 102.0, 102.0, 102.0, 102.0, 106.0, 118.0, 118.0, 126.0, 126.0, 126.0, 126.0, 126.0] 

**** best transforamtion at the begining: 
+1.0000|00000000>         --> +1.0000|00000000>        
+1.0000|00000011>         --> +1.0000|00000001>        
   ###   On generation 1 of 10000
