****Starting Evolution: 
 circuits {'cir5': [(0, 1)], 'cir14': [(0, 3)], 'cir26': [(0, 1)], 'cir37': [(0, 3)], 'cir2': [(1,)], 'cir3': [(3,)], 'cir8': [(0,)], 'cir9': [(3,)], 'cir18': [(2,)], 'cir19': [(1,)], 'cir24': [(3,)], 'cir30': [(2,)], 'cir31': [(1,)], 'cir34': [(2,)], 'cir35': [(0,)], 'cir38': [(2,)], 'cir0': [(2, 3)], 'cir1': [(3, 0, 2)], 'cir4': [(3, 1, 2)], 'cir6': [(2, 0)], 'cir7': [(3, 1, 0)], 'cir10': [(2, 3)], 'cir11': [(1, 3)], 'cir12': [(1, 0, 3)], 'cir13': [(1, 0, 3)], 'cir15': [(2, 1)], 'cir16': [(1, 2, 0)], 'cir17': [(2, 0, 3)], 'cir20': [(2, 0)], 'cir21': [(1, 2, 0)], 'cir22': [(2, 0)], 'cir23': [(2, 3)], 'cir25': [(2, 1)], 'cir27': [(2, 1)], 'cir28': [(3, 0)], 'cir29': [(3, 2)], 'cir32': [(1, 2, 0)], 'cir33': [(1, 2)], 'cir36': [(2, 0)], 'cir39': [(3, 0)]}, 
 fitness [0.0225, 0.0225, 0.0225, 0.0225, 5.0224, 5.0224, 5.0224, 5.0224, 5.0224, 5.0224, 5.0224, 5.0224, 5.0224, 5.0224, 5.0224, 5.0224, 5.0225, 5.0225, 5.0225, 5.0225, 5.0225, 5.0225, 5.0225, 5.0225, 5.0225, 5.0225, 5.0225, 5.0225, 5.0225, 5.0225, 5.0225, 5.0225, 5.0225, 5.0225, 5.0225, 5.0225, 5.0225, 5.0225, 5.0225, 5.0225] 

**** best transforamtion at the begining: 
+1.0000|0000>             --> +1.0000|0000>            
+1.0000|1111>             --> +1.0000|0111>            
   ###   On generation 1 of 10000
*** population details: 5 best circuits 
 circuits {'cir5': [(0, 1)], 'cir14': [(0, 3)], 'cir26': [(0, 1)], 'cir39': [(0, 1), (3,)], 'cir24': [(0, 1), (2, 1)]}, 
 fitness [0.0225, 0.0225, 0.0225, 0.0324, 0.045] 

**** best transforamtion of this generation: 
+1.0000|0000>             --> +1.0000|0000>            
+1.0000|1111>             --> +1.0000|0111>            
Infidelity :  0.0
****Starting Evolution: 
 circuits {'cir11': [(1, 3)], 'cir20': [(2, 0), (1, 2)], 'cir9': [(3,)], 'cir19': [(1,)], 'cir24': [(3,)], 'cir34': [(2,)], 'cir38': [(2,)], 'cir0': [(2, 3)], 'cir7': [(3, 1, 0)], 'cir12': [(1, 0, 3)], 'cir13': [(1, 0, 3)], 'cir15': [(2, 1)], 'cir16': [(1, 2, 0)], 'cir21': [(1, 2, 0)], 'cir22': [(2, 0)], 'cir23': [(2, 3)], 'cir25': [(2, 1)], 'cir27': [(2, 1)], 'cir28': [(3, 0)], 'cir29': [(3, 2)], 'cir32': [(1, 2, 0)], 'cir36': [(2, 0)], 'cir39': [(3, 0)], 'cir2': [(1,), (1, 0, 2)], 'cir10': [(3, 1), (1,)], 'cir18': [(2,), (0, 1, 2)], 'cir17': [(2, 0, 3), (3, 1, 0)], 'cir31': [(1,), (2, 3), (1,)], 'cir3': [(3,), (2, 3), (2, 3, 0)], 'cir1': [(3, 0, 2), (2, 3, 1), (2, 3, 0)], 'cir30': [(2,), (3, 1, 2), (2, 3), (3,)], 'cir6': [(0, 3)], 'cir37': [(0, 3)], 'cir5': [(0, 1), (3,)], 'cir26': [(0, 1), (2, 1)], 'cir33': [(1, 2), (1,)], 'cir4': [(3, 1, 2), (2,), (0, 2), (2, 0), (1, 3, 0)], 'cir8': [(0,)], 'cir35': [(0,)], 'cir14': [(0, 3), (0,), (3,), (1, 3)]}, 
 fitness [0.0225, 0.045, 9.022400000000001, 9.022400000000001, 9.022400000000001, 9.022400000000001, 9.022400000000001, 9.0225, 9.0225, 9.0225, 9.0225, 9.0225, 9.0225, 9.0225, 9.0225, 9.0225, 9.0225, 9.0225, 9.0225, 9.0225, 9.0225, 9.0225, 9.0225, 9.0449, 9.0449, 9.0449, 9.045, 9.0548, 9.0674, 9.067499999999999, 9.0898, 13.0225, 13.0225, 13.032399999999999, 13.045, 18.0449, 18.1124, 22.0224, 22.0224, 22.0773] 

**** best transforamtion at the begining: 
+1.0000|0000>             --> +1.0000|0000>            
+1.0000|0111>             --> +1.0000|0011>            
   ###   On generation 1 of 10000
*** population details: 5 best circuits 
 circuits {'cir11': [(1, 3)], 'cir28': [(1, 3, 2)], 'cir16': [(2, 1), (1, 3)], 'cir23': [(1, 2, 0), (1, 3)], 'cir36': [(1, 2, 0), (1, 3), (2,)]}, 
 fitness [0.0225, 0.0225, 0.045, 0.045, 0.0549] 

**** best transforamtion of this generation: 
+1.0000|0000>             --> +1.0000|0000>            
+1.0000|0111>             --> +1.0000|0011>            
Infidelity :  0.0
****Starting Evolution: 
 circuits {'cir0': [(2, 3)], 'cir23': [(2, 3)], 'cir31': [(1,), (2, 3), (1,)], 'cir27': [(2, 1, 3), (2, 1, 3), (2, 3)], 'cir9': [(3,)], 'cir24': [(3,)], 'cir13': [(1, 0, 3)], 'cir15': [(2, 1)], 'cir16': [(1, 2, 0)], 'cir21': [(1, 2, 0)], 'cir25': [(2, 1)], 'cir28': [(3, 0)], 'cir36': [(2, 0)], 'cir39': [(3, 0)], 'cir5': [(0, 1), (2,), (3,)], 'cir38': [(2,), (3, 1, 2)], 'cir7': [(3, 1, 0), (3, 2, 1)], 'cir17': [(2, 0, 3), (3, 1, 0)], 'cir22': [(2, 0), (2, 3, 1)], 'cir29': [(3, 2), (3, 1, 2)], 'cir34': [(2,), (2, 1), (2, 1)], 'cir1': [(3, 0, 2), (2, 3, 1), (2, 3, 0)], 'cir18': [(2,), (0, 1, 2), (3, 1, 2), (3, 1)], 'cir4': [(3, 1, 2), (2,), (0, 2), (2, 0), (1, 3, 0)], 'cir6': [(0, 3)], 'cir11': [(1, 3)], 'cir12': [(1, 3, 2)], 'cir37': [(0, 3), (3,)], 'cir20': [(2, 0), (1, 2)], 'cir19': [(1,), (3, 2, 1), (3,), (1, 2), (2, 3)], 'cir33': [(1, 2), (1,)], 'cir32': [(1, 2, 0), (1, 3), (2,)], 'cir3': [(3,), (2, 3), (2, 3, 0)], 'cir30': [(2,), (3, 1, 2), (2, 3), (3,)], 'cir26': [(0, 1), (2, 1), (3,), (1, 3), (3, 1, 2)], 'cir8': [(0,)], 'cir35': [(0,)], 'cir2': [(1,), (1, 0, 2)], 'cir10': [(3, 1), (1,)], 'cir14': [(0, 3), (0,), (3,), (1, 3)]}, 
 fitness [0.0225, 0.0225, 0.0548, 0.0675, 13.0224, 13.0224, 13.0225, 13.0225, 13.0225, 13.0225, 13.0225, 13.0225, 13.0225, 13.0225, 13.042300000000001, 13.0449, 13.045, 13.045, 13.045, 13.045, 13.0674, 13.0675, 13.0899, 13.112400000000001, 21.0225, 21.0225, 21.0225, 21.0449, 21.045, 21.099800000000002, 26.0449, 26.0549, 26.0674, 26.0898, 26.099899999999998, 34.022400000000005, 34.022400000000005, 34.0449, 34.0449, 34.0773] 

**** best transforamtion at the begining: 
+1.0000|0000>             --> +1.0000|0000>            
+1.0000|0011>             --> +1.0000|0001>            
   ###   On generation 1 of 10000
