****Starting Evolution: 
 circuits {'cir10': [(0, 1)], 'cir25': [(0, 3)], 'cir29': [(0, 4)], 'cir38': [(0, 4, 1)], 'cir44': [(0, 3)], 'cir47': [(0, 1)], 'cir0': [(3,)], 'cir1': [(4, 0, 2)], 'cir2': [(4, 1, 2)], 'cir3': [(4, 2)], 'cir4': [(1,)], 'cir5': [(1,)], 'cir6': [(1,)], 'cir7': [(3, 2, 1)], 'cir8': [(2, 1)], 'cir9': [(1, 0, 3)], 'cir11': [(2,)], 'cir12': [(3, 4)], 'cir13': [(2, 4, 3)], 'cir14': [(4,)], 'cir15': [(3,)], 'cir16': [(3,)], 'cir17': [(3, 0, 2)], 'cir18': [(1, 3)], 'cir19': [(2,)], 'cir20': [(1, 0)], 'cir21': [(2,)], 'cir22': [(4, 3)], 'cir23': [(3,)], 'cir24': [(2, 0, 1)], 'cir26': [(2, 0, 4)], 'cir27': [(3, 0)], 'cir28': [(3, 0)], 'cir30': [(4, 3, 1)], 'cir31': [(3, 4, 0)], 'cir32': [(4,)], 'cir33': [(1, 2)], 'cir34': [(1, 4, 2)], 'cir35': [(3, 0, 1)], 'cir36': [(4,)], 'cir37': [(2,)], 'cir39': [(4, 3)], 'cir40': [(2,)], 'cir41': [(3, 2, 1)], 'cir42': [(3,)], 'cir43': [(3, 1, 4)], 'cir45': [(2, 1)], 'cir46': [(1, 2, 0)], 'cir48': [(2, 0)], 'cir49': [(0,)]}, 
 fitness [0.0, 0.0, 0.0, 0.0, 0.0, 0.0, 5.0, 5.0, 5.0, 5.0, 5.0, 5.0, 5.0, 5.0, 5.0, 5.0, 5.0, 5.0, 5.0, 5.0, 5.0, 5.0, 5.0, 5.0, 5.0, 5.0, 5.0, 5.0, 5.0, 5.0, 5.0, 5.0, 5.0, 5.0, 5.0, 5.0, 5.0, 5.0, 5.0, 5.0, 5.0, 5.0, 5.0, 5.0, 5.0, 5.0, 5.0, 5.0, 5.0, 5.0] 

**** best transforamtion at the begining: 
+1.0000|00000>            --> +1.0000|00000>           
+1.0000|11111>            --> +1.0000|01111>           
   ###   On generation 1 of 10000
*** population details: 5 best circuits 
 circuits {'cir10': [(0, 1)], 'cir25': [(0, 3)], 'cir29': [(0, 4)], 'cir38': [(0, 4, 1)], 'cir44': [(0, 3)]}, 
 fitness [0.0, 0.0, 0.0, 0.0, 0.0] 

**** best transforamtion of this generation: 
+1.0000|00000>            --> +1.0000|00000>           
+1.0000|11111>            --> +1.0000|01111>           
Infidelity :  0.0
****Starting Evolution: 
 circuits {'cir18': [(1, 3), (2,), (3, 2)], 'cir33': [(1, 2)], 'cir34': [(1, 4, 2)], 'cir48': [(1, 3)], 'cir0': [(3,), (4, 0)], 'cir1': [(4, 0, 2), (3, 1)], 'cir2': [(4, 1, 2), (4, 0, 1), (4, 2, 0), (3,)], 'cir3': [(4, 2)], 'cir4': [(1,)], 'cir5': [(1,), (2, 0, 3), (3, 4)], 'cir6': [(1,)], 'cir7': [(3, 2, 1)], 'cir8': [(2, 1)], 'cir9': [(1, 0, 3)], 'cir11': [(2,)], 'cir12': [(3, 4)], 'cir14': [(4,), (3, 4, 1), (0, 3), (4, 1, 0), (1, 0, 2)], 'cir16': [(2, 0)], 'cir17': [(3, 0, 2)], 'cir19': [(2,)], 'cir20': [(1, 0)], 'cir21': [(2,)], 'cir22': [(4, 3)], 'cir23': [(3,)], 'cir24': [(2, 0, 1)], 'cir26': [(2, 0, 4)], 'cir27': [(3, 0)], 'cir28': [(3, 0)], 'cir30': [(4, 3, 1), (0, 1, 4)], 'cir31': [(3, 4, 0)], 'cir32': [(4,)], 'cir35': [(3, 0, 1)], 'cir36': [(4,)], 'cir37': [(2,)], 'cir39': [(4, 3)], 'cir40': [(2,)], 'cir41': [(3, 2, 1)], 'cir42': [(3,)], 'cir43': [(3, 1, 4)], 'cir45': [(2, 1)], 'cir46': [(1, 2, 0)], 'cir47': [(0, 1), (2, 4), (3, 1), (1, 0), (4, 3), (2,), (0, 3, 2)], 'cir10': [(0, 1)], 'cir13': [(2, 4, 3), (0, 3)], 'cir25': [(0, 3), (2,)], 'cir29': [(0, 4), (3, 1, 0)], 'cir38': [(0, 4, 1), (3, 4, 0)], 'cir44': [(0, 3), (4,), (3, 0)], 'cir49': [(0,)], 'cir15': [(3,), (2,), (0,), (4, 0, 2), (1, 3, 4)]}, 
 fitness [0.0, 0.0, 0.0, 0.0, 9.0, 9.0, 9.0, 9.0, 9.0, 9.0, 9.0, 9.0, 9.0, 9.0, 9.0, 9.0, 9.0, 9.0, 9.0, 9.0, 9.0, 9.0, 9.0, 9.0, 9.0, 9.0, 9.0, 9.0, 9.0, 9.0, 9.0, 9.0, 9.0, 9.0, 9.0, 9.0, 9.0, 9.0, 9.0, 9.0, 9.0, 9.0, 13.0, 13.0, 13.0, 13.0, 13.0, 13.0, 22.0, 26.0] 

**** best transforamtion at the begining: 
+1.0000|00000>            --> +1.0000|00110>           
+1.0000|01111>            --> +1.0000|00011>           
   ###   On generation 1 of 10000
*** population details: 5 best circuits 
 circuits {'cir18': [(1, 3), (2,), (3, 2)], 'cir33': [(1, 2)], 'cir34': [(1, 4, 2)], 'cir48': [(1, 3)], 'cir22': [(1, 2), (4, 3, 2)]}, 
 fitness [0.0, 0.0, 0.0, 0.0, 0.0] 

**** best transforamtion of this generation: 
+1.0000|00000>            --> +1.0000|00110>           
+1.0000|01111>            --> +1.0000|00011>           
Infidelity :  0.0
****Starting Evolution: 
 circuits {'cir47': [(0, 1), (2, 4), (3, 1), (1, 0), (4, 3), (2,), (0, 3, 2), (1, 2)], 'cir0': [(3,), (4, 0), (4,), (3,), (4,)], 'cir1': [(4, 0, 2), (3, 1)], 'cir2': [(4, 1, 2), (4, 0, 1), (4, 2, 0), (3,)], 'cir3': [(4, 2), (2, 4, 1)], 'cir7': [(1, 4, 2), (3, 1)], 'cir8': [(2, 1), (3, 1)], 'cir9': [(1, 0, 3), (2,)], 'cir10': [(0, 1)], 'cir11': [(2,)], 'cir12': [(3, 4)], 'cir16': [(2, 0)], 'cir20': [(1, 0)], 'cir21': [(2,)], 'cir22': [(4, 3)], 'cir23': [(3,), (4,)], 'cir24': [(2, 0, 1)], 'cir26': [(2, 0, 4)], 'cir28': [(3, 0)], 'cir30': [(4, 3, 1), (0, 1, 4)], 'cir32': [(4,)], 'cir34': [(4, 2, 3)], 'cir35': [(3, 0, 1)], 'cir36': [(4,)], 'cir37': [(2,)], 'cir38': [(0, 4, 1), (3, 4, 0)], 'cir39': [(4, 3)], 'cir40': [(2,)], 'cir41': [(3, 2, 1)], 'cir42': [(3,)], 'cir43': [(3, 1, 4)], 'cir45': [(2, 1)], 'cir46': [(1, 2, 0)], 'cir48': [(1, 3), (1,)], 'cir19': [(2,), (1, 2, 4)], 'cir31': [(3, 4, 0), (1, 2, 3)], 'cir17': [(3, 0, 2), (2, 4)], 'cir29': [(0, 4), (3, 1, 0)], 'cir33': [(1, 4), (1, 2, 4)], 'cir4': [(1,)], 'cir5': [(1,), (2, 0, 3), (3, 4)], 'cir6': [(1,), (2, 3), (3, 1), (3, 4, 2), (3, 2)], 'cir15': [(3,), (2,), (0,), (4, 0, 2), (1, 3, 4)], 'cir18': [(1, 3), (2,), (3, 2), (2,)], 'cir25': [(0, 3), (2,)], 'cir27': [(3, 1), (1,)], 'cir44': [(0, 3), (4,), (3, 0)], 'cir49': [(0,)], 'cir14': [(4,), (3, 4, 1), (0, 3), (4, 1, 0), (1, 0, 2), (3, 2)], 'cir13': [(2, 4, 3), (0, 3)]}, 
 fitness [0.0, 13.0, 13.0, 13.0, 13.0, 13.0, 13.0, 13.0, 13.0, 13.0, 13.0, 13.0, 13.0, 13.0, 13.0, 13.0, 13.0, 13.0, 13.0, 13.0, 13.0, 13.0, 13.0, 13.0, 13.0, 13.0, 13.0, 13.0, 13.0, 13.0, 13.0, 13.0, 13.0, 13.0, 21.0, 21.0, 26.0, 26.0, 26.0, 34.0, 34.0, 34.0, 34.0, 34.0, 34.0, 34.0, 34.0, 34.0, 38.0, 42.0] 

**** best transforamtion at the begining: 
+1.0000|00110>            --> +1.0000|00011>           
+1.0000|00011>            --> +1.0000|00010>           
   ###   On generation 1 of 10000
*** population details: 5 best circuits 
 circuits {'cir47': [(0, 1), (2, 4), (3, 1), (1, 0), (4, 3), (2,), (0, 3, 2), (1, 2)], 'cir28': [(2,), (2, 4, 3)], 'cir19': [(2,), (2, 4, 3), (4, 2, 3)], 'cir27': [(3, 2, 4), (3, 2), (4,), (3,), (2, 3)], 'cir0': [(3,), (4, 0), (4,), (3,), (4,)]}, 
 fitness [0.0, 0.0, 0.0, 0.0, 13.0] 

**** best transforamtion of this generation: 
+1.0000|00110>            --> +1.0000|00011>           
+1.0000|00011>            --> +1.0000|00010>           
Infidelity :  0.0
****Starting Evolution: 
 circuits {'cir23': [(3,), (4,)], 'cir24': [(3, 2, 4), (3, 2), (4,), (3,), (2, 3)], 'cir12': [(3, 4)], 'cir0': [(3,), (4, 0), (4,), (3,), (4,), (4, 3, 2)], 'cir1': [(3, 1), (3, 4, 2), (4,)], 'cir2': [(4, 1, 2), (4, 0, 1), (4, 2, 0), (3,), (2,)], 'cir3': [(4, 2), (2, 4, 1)], 'cir7': [(1, 4, 2), (3, 1)], 'cir8': [(2, 1), (3, 1)], 'cir10': [(0, 1), (4, 2), (3, 2, 4)], 'cir11': [(2,), (3,)], 'cir16': [(2, 0)], 'cir18': [(1, 3), (2,), (3, 2), (2,)], 'cir20': [(1, 0)], 'cir22': [(4, 3)], 'cir26': [(2, 0, 4), (3, 2)], 'cir28': [(3, 0)], 'cir30': [(4, 3, 1), (0, 1, 4)], 'cir31': [(3, 4, 0), (1, 2, 3)], 'cir32': [(4,)], 'cir34': [(4, 2, 3)], 'cir35': [(3, 0, 1), (4,)], 'cir36': [(4,)], 'cir38': [(0, 4, 1), (3, 4, 0)], 'cir39': [(4, 3), (3, 4, 2), (3, 4, 2)], 'cir40': [(4,), (4, 2), (4,)], 'cir41': [(3, 2, 1)], 'cir42': [(4,)], 'cir43': [(2, 3, 4), (2, 4)], 'cir44': [(0, 3), (4,), (3, 0)], 'cir45': [(2, 1)], 'cir46': [(1, 2, 0)], 'cir48': [(1, 3), (1,)], 'cir47': [(0, 1), (2, 4), (2, 3), (1, 0), (4, 3), (2,), (0, 3, 2), (1, 2), (3, 2, 4), (0, 1), (3, 4)], 'cir5': [(1,), (2, 0, 3), (3, 4), (2, 3), (3, 2), (2, 3, 4)], 'cir6': [(1,), (2, 3), (3, 1), (3, 4, 2), (3, 2), (2,)], 'cir17': [(3, 0, 2), (2, 4)], 'cir21': [(2,), (2, 4, 3), (4, 2, 3)], 'cir29': [(0, 4), (3, 1, 0)], 'cir33': [(1, 4), (1, 2, 4)], 'cir4': [(1,)], 'cir9': [(1, 0, 3), (2,), (4, 3)], 'cir14': [(4,), (3, 4, 1), (0, 3), (4, 1, 0), (1, 0, 2), (3, 2)], 'cir15': [(3,), (2,), (0,), (4, 0, 2), (1, 3, 4)], 'cir27': [(3, 1), (1,)], 'cir37': [(2,)], 'cir49': [(0,)], 'cir13': [(2, 4, 3), (0, 3)], 'cir19': [(2,), (1, 2, 4)], 'cir25': [(0, 3), (2,)]}, 
 fitness [0.0, 0.0, 17.0, 34.0, 34.0, 34.0, 34.0, 34.0, 34.0, 34.0, 34.0, 34.0, 34.0, 34.0, 34.0, 34.0, 34.0, 34.0, 34.0, 34.0, 34.0, 34.0, 34.0, 34.0, 34.0, 34.0, 34.0, 34.0, 34.0, 34.0, 34.0, 34.0, 34.0, 37.0, 46.0, 46.0, 46.0, 46.0, 46.0, 46.0, 58.0, 58.0, 58.0, 58.0, 58.0, 58.0, 58.0, 66.0, 66.0, 74.0] 

**** best transforamtion at the begining: 
+1.0000|00011>            --> +1.0000|00000>           
+1.0000|00010>            --> +1.0000|00001>           
   ###   On generation 1 of 10000
